31  CURRENT.ALM
 315 589824

1
80
0
 4.95910644531250E-04  5.44929504394531E-03 -2.54294718615711E-09
 5.15367968750000E+03  7.93330550193787E-01  3.77639532089233E-02
-8.54188919067383E-01  2.37464904785156E-04  1.45519152283669E-11
0
12

2
61
0
 1.64103507995605E-02  7.40242004394531E-03 -2.55749910138547E-09
 5.15366699218750E+03  7.41092801094055E-01 -3.17694187164307E-01
-3.31405758857727E-01 -1.85012817382812E-04  1.09139364212751E-11
0
9

3
69
0
 6.05821609497070E-03  1.49898529052734E-02 -2.37923813983798E-09
 5.15350048828125E+03 -8.95716786384583E-01  3.62764596939087E-01
 5.24742484092712E-01  6.88552856445312E-04  3.63797880709171E-12
0
11

4
74
0
 3.25679779052734E-03  7.85064697265625E-03 -2.58660293184221E-09
 5.15356738281250E+03 -5.53599596023560E-01 -9.21766400337219E-01
-5.71027636528015E-01  5.58853149414062E-04  3.63797880709171E-12
0
12

5
50
0
 5.72109222412109E-03  1.07917785644531E-02 -2.40834197029471E-09
 5.15374804687500E+03 -9.13426518440247E-01  4.22883987426758E-01
-3.67688417434692E-01 -2.07901000976562E-04  0.00000000000000E+00
0
10

6
67
0
 3.42321395874023E-03  1.47533416748047E-02 -2.46291165240109E-09
 5.15351660156250E+03  7.74800419807434E-01 -2.04701304435730E-01
 8.97083997726440E-01 -3.26156616210938E-04 -2.18278728425503E-11
0
11

7
48
0
 1.95970535278320E-02  2.53486633300781E-03 -2.51384335570037E-09
 5.15367333984375E+03 -2.31699943542480E-01 -6.53900265693665E-01
 6.41440510749817E-01 -2.38418579101562E-05 -3.63797880709171E-12
0
10

8
72
0
 1.05614662170410E-02  1.71661376953125E-03 -2.72120814770460E-09
 5.15372314453125E+03  4.21926379203796E-01  1.44398927688599E-01
-4.90628957748413E-01  5.13076782226562E-04  3.63797880709171E-12
0
11

9
68
0
 3.01313400268555E-03  5.91659545898438E-03 -2.60479282587767E-09
 5.15365722656250E+03 -5.73352932929993E-01  6.40004992485046E-01
-2.84756660461426E-01  6.42776489257812E-04  1.09139364212751E-11
0
11

10
73
0
 1.00965499877930E-02  1.48639678955078E-02 -2.36468622460961E-09
 5.15361181640625E+03 -8.96515607833862E-01 -7.35605001449585E-01
 1.67996406555176E-01 -4.03404235839844E-04 -1.09139364212751E-11
0
11

11
78
0
 1.72281265258789E-03  7.35473632812500E-03 -2.53567122854292E-09
 5.15360253906250E+03  7.82954454421997E-01 -7.59760260581970E-01
-7.10718870162964E-01 -7.22885131835938E-04  7.27595761418343E-12
0
12

12
58
0
 8.88824462890625E-03  5.86318969726562E-03 -2.49201548285782E-09
 5.15365869140625E+03  1.23571395874023E-01  4.78362917900085E-01
 4.09435987472534E-01 -5.81741333007812E-04  0.00000000000000E+00
0
10

13
43
0
 9.07039642333984E-03  9.76943969726562E-03 -2.57205101661384E-09
 5.15361865234375E+03 -5.18953323364258E-01  3.03446173667908E-01
-5.38646221160889E-01  7.00950622558594E-04  0.00000000000000E+00
0
9

14
77
0
 5.69820404052734E-03  5.62667846679688E-04 -2.53203324973583E-09
 5.15367041015625E+03  1.07753038406372E-01 -8.99553656578064E-01
 3.74052882194519E-01  6.37054443359375E-04  7.27595761418343E-12
0
12

15
55
0
 1.61547660827637E-02 -1.24931335449219E-03 -2.67755240201950E-09
 5.15350195312500E+03 -6.16781473159790E-01  4.49300169944763E-01
-7.99216270446777E-01  2.89916992187500E-04  3.63797880709171E-12
0
10

16
56
0
 1.44610404968262E-02  5.63812255859375E-03 -2.49565346166492E-09
 5.15368603515625E+03  1.29115700721741E-01  2.81606197357178E-01
-1.41960501670837E-01  1.90734863281250E-06  7.27595761418343E-12
0
9

17
53
0
 1.30577087402344E-02  6.72149658203125E-03 -2.67755240201950E-09
 5.15361474609375E+03  4.53749418258667E-01 -3.87983918190002E-01
-4.59054708480835E-01  3.09944152832031E-04 -1.81898940354586E-11
0
10

18
75
0
 4.99916076660156E-03  9.95063781738281E-03 -2.50292941927910E-09
 5.15365185546875E+03  7.74588108062744E-01 -9.40134763717651E-01
 8.97351026535034E-01 -6.32286071777344E-04  3.63797880709171E-12
0
12

19
59
0
 1.04475021362305E-02  6.46781921386719E-03 -2.67755240201950E-09
 5.15357080078125E+03  4.67802047729492E-01  8.75514984130859E-01
 1.35003089904785E-01  6.22749328613281E-04  3.63797880709171E-12
0
9

20
51
0
 3.50856781005859E-03  5.10406494140625E-03 -2.45199771597981E-09
 5.15371337890625E+03 -9.56259131431580E-01 -7.21537947654724E-01
 9.77767825126648E-01  3.65257263183594E-04  0.00000000000000E+00
0
9

22
44
0
 1.31592750549316E-02  5.44166564941406E-03 -2.49201548285782E-09
 5.15361718750000E+03  1.30170702934265E-01 -3.38618755340576E-01
-2.97308325767517E-01 -1.02996826171875E-04  0.00000000000000E+00
0
9

23
76
0
 5.12027740478516E-03  1.33018493652344E-02 -2.38651409745216E-09
 5.15360400390625E+03 -9.06250000000000E-01 -9.05926227569580E-01
 5.48044085502625E-01  4.66346740722656E-04  7.27595761418343E-12
0
12

24
65
0
 1.66225433349609E-02 -2.64358520507812E-03 -2.61206878349185E-09
 5.15361865234375E+03 -2.64470815658569E-01  3.36657285690308E-01
 9.44630742073059E-01 -4.14848327636719E-04  7.27595761418343E-12
0
11

25
62
0
 1.23009681701660E-02  2.10380554199219E-03 -2.51748133450747E-09
 5.15359570312500E+03  9.48257446289062E-02  3.58193755149841E-01
 3.78262996673584E-01  4.89234924316406E-04  0.00000000000000E+00
0
11

26
71
0
 9.96971130371094E-03 -4.01687622070312E-03 -2.55749910138547E-09
 5.15351123046875E+03  7.29670524597168E-02  2.00915813446045E-01
 9.91197824478149E-02 -2.06947326660156E-04 -2.18278728425503E-11
0
11

27
66
0
 1.34983062744141E-02  4.59861755371094E-03 -2.69210431724787E-09
 5.15363378906250E+03  4.31272268295288E-01  2.68748641014099E-01
-4.39911603927612E-01 -2.67028808593750E-05  0.00000000000000E+00
0
11

28
79
0
 2.52246856689453E-04  6.03675842285156E-03 -2.49565346166492E-09
 5.15354638671875E+03 -2.41017341613770E-01  1.27480387687683E-01
 6.11274600028992E-01 -6.02722167968750E-04 -7.27595761418343E-12
0
12

29
57
0
 3.20720672607422E-03  7.53211975097656E-03 -2.66663846559823E-09
 5.15360546875000E+03  4.58811759948730E-01  8.38237047195435E-01
-4.73526954650879E-01 -5.13076782226562E-04  3.63797880709171E-12
0
10

30
64
0
 7.65705108642578E-03 -2.18009948730469E-03 -2.57205101661384E-09
 5.15363818359375E+03 -2.33094453811646E-01 -7.58638620376587E-01
 5.78919649124146E-01 -1.60217285156250E-04  1.09139364212751E-11
0
11

31
52
0
 1.05714797973633E-02  3.77464294433594E-03 -2.51748133450747E-09
 5.15360107421875E+03 -2.24412202835083E-01  2.59284257888794E-01
 3.40720295906067E-01 -2.08854675292969E-04  0.00000000000000E+00
0
10

32
70
0
 8.57067108154297E-03  6.94084167480469E-03 -2.59024091064930E-09
 5.15353369140625E+03 -5.68291068077087E-01 -6.56209230422974E-01
-2.48807191848755E-01 -4.67300415039062E-04  1.09139364212751E-11
0
11

